  n, insertion_cmp, insertion_swaps, insertion_time, quick_cmp, quick_swaps, quick_time, heap_cmp, heap_swaps, heap_time, selection_cmp, selection_swaps, selection_time
  0,             0,               0,              2,         0,           0,          0,        3,          0,         2,             0,               0,              0
  1,             0,               0,              0,         0,           0,          0,        6,          1,         1,             1,               0,              0
  2,             1,               0,              0,         7,           1,          2,       16,          4,        12,             3,               0,              1
  3,             2,               0,              1,        16,           2,          2,       24,          8,         1,             6,               0,              1
  4,             4,               1,              1,        19,           2,          2,       39,         13,         2,            10,               1,              1
  5,             5,               1,              1,        32,           3,          4,       50,         17,         2,            15,               1,              1
  6,             9,               4,              1,        33,           3,          3,       66,         23,         2,            21,               2,              2
  7,            12,               6,              2,        58,           6,          4,       74,         23,         2,            28,               2,              4
  8,            13,               6,              2,        77,           7,          5,      101,         34,         2,            36,               2,              2
  9,            14,               6,              2,        98,           8,          7,      121,         43,         2,            45,               2,              3
 10,            16,               7,              2,       101,           8,          5,      145,         53,         3,            55,               3,              4
 11,            18,               8,              2,       130,          10,          7,      161,         60,         3,            66,               4,              3
 12,            19,               8,              2,       157,          11,          8,      189,         72,         3,            78,               4,              4
 13,            20,               8,              3,       186,          12,         13,      209,         81,         6,            91,               4,              6
 14,            21,               8,              3,       217,          13,         13,      229,         92,         6,           105,               4,              7
 15,            22,               8,              4,       250,          14,         14,      252,        104,         6,           120,               4,              8
 16,            23,               8,              3,       285,          15,         14,      282,        114,         6,           136,               4,              7
 17,            24,               8,              3,       322,          16,         17,      310,        127,         7,           153,               4,              8
 18,            25,               8,              5,       361,          17,         19,      339,        140,        16,           171,               4,             13
 19,            27,               9,              4,       364,          17,         18,      358,        145,        10,           190,               5,             11
 20,            28,               9,              4,       407,          18,         40,      400,        165,         9,           210,               5,             10
 21,            29,               9,              4,       452,          19,         37,      422,        175,        27,           231,               5,             12
 22,            30,               9,              4,       499,          20,         25,      444,        184,         9,           253,               5,             14
 23,            31,               9,             11,       548,          21,         22,      466,        194,         6,           276,               5,             18
 24,            32,               9,              4,       599,          22,         35,      496,        205,        10,           300,               5,             17
 25,            33,               9,              5,       652,          23,         32,      523,        220,        11,           325,               5,             15
 26,            34,               9,              5,       707,          24,         36,      548,        229,        12,           351,               5,             23
 27,            35,               9,             18,       764,          25,         36,      574,        242,        12,           378,               5,             19
 28,            37,              10,              3,       767,          25,         27,      607,        257,        12,           406,               6,             22
 29,            39,              11,              3,       832,          27,         10,      632,        270,        13,           435,               7,             26
 30,            40,              11,              3,       895,          28,         10,      661,        287,        13,           465,               7,             23
 31,            41,              11,              3,       960,          29,         11,      683,        294,        13,           496,               7,             28
 32,            42,              11,              4,      1027,          30,         12,      715,        309,        13,           528,               7,             29
 33,            43,              11,              3,      1096,          31,         13,      751,        324,        15,           561,               7,             33
 34,            44,              11,              4,      1167,          32,         14,      788,        340,        14,           595,               7,             32
 35,            46,              12,              4,      1170,          32,         15,      815,        350,        15,           630,               8,             35
 36,            48,              13,              8,      1179,          33,         12,      853,        366,        17,           666,               9,             38
 37,            50,              14,              4,      1324,          35,         13,      880,        376,        13,           703,              10,             34
 38,            55,              18,              5,      1203,          35,         25,      910,        389,        17,           741,               8,             41
 39,            56,              18,              5,      1284,          36,         17,      946,        406,        17,           780,               8,             43
 40,            57,              18,              5,      1367,          37,         19,      976,        416,        18,           820,               8,             44
 41,            58,              18,              5,      1452,          38,         18,     1000,        425,        20,           861,               8,             46
 42,            59,              18,              5,      1539,          39,         19,     1052,        452,        19,           903,               8,             49
 43,            61,              19,              5,      1542,          39,         19,     1078,        466,        23,           946,               9,             54
 44,            63,              20,              5,      1637,          41,         20,     1100,        467,        20,           990,              10,             56
 45,            65,              21,              7,      1642,          41,         20,     1133,        485,        22,          1035,              11,             47
 46,            66,              21,              6,      1737,          42,         21,     1171,        503,        22,          1081,              11,             59
 47,            67,              21,              5,      1834,          43,         22,     1207,        525,        22,          1128,              11,             61
 48,            68,              21,              6,      1933,          44,         24,     1239,        537,        23,          1176,              11,             67
 49,            69,              21,              5,      2034,          45,         19,     1266,        550,        23,          1225,              11,             58
 50,            71,              22,              6,      2037,          45,         27,     1301,        563,        22,          1275,              12,             64
 51,            72,              22,              6,      2142,          46,         22,     1340,        586,        20,          1326,              12,             67
 52,            73,              22,              8,      2249,          47,         25,     1371,        598,        33,          1378,              12,             75
 53,            75,              23,              6,      2252,          47,         32,     1406,        612,        24,          1431,              13,             72
 54,            77,              24,              6,      2367,          49,         26,     1441,        627,        24,          1485,              14,             77
 55,            78,              24,              6,      2480,          50,         25,     1475,        653,        25,          1540,              14,             77
 56,            80,              25,              6,      2483,          50,         28,     1495,        650,        25,          1596,              15,             82
 57,            81,              25,              6,      2600,          51,         31,     1529,        672,        27,          1653,              15,             91
 58,            82,              25,              7,      2719,          52,         33,     1576,        697,        29,          1711,              15,             91
 59,            83,              25,              8,      2840,          53,         33,     1603,        712,        22,          1770,              15,             89
 60,            85,              26,              6,      2843,          53,         34,     1637,        728,        28,          1830,              16,             87
 61,            86,              26,             17,      2968,          54,         28,     1671,        747,        34,          1891,              16,            708
 62,            87,              26,              7,      3095,          55,         38,     1704,        761,        27,          1953,              16,             93
 63,            88,              26,              7,      3224,          56,         34,     1735,        782,        12,          2016,              16,            103
 64,            89,              26,              6,      3355,          57,         34,     1757,        785,        21,          2080,              16,            177
 65,            90,              26,              9,      3488,          58,        484,     1781,        791,        12,          2145,              16,            118
 66,            91,              26,              7,      3623,          59,         43,     1838,        820,        14,          2211,              16,            120
 67,            92,              26,              8,      3760,          60,         44,     1883,        835,        14,          2278,              16,            116
 68,            94,              27,              7,      3763,          60,         44,     1928,        863,        14,          2346,              17,            127
 69,            97,              29,              8,      3772,          61,         44,     1967,        879,        14,          2415,              17,            130
 70,           100,              31,              9,      3918,          63,         34,     2004,        889,        12,          2485,              19,            134
 71,           101,              31,              8,      4063,          64,         44,     2020,        898,        14,          2556,              19,            128
 72,           102,              31,              8,      4210,          65,         45,     2058,        912,        13,          2628,              19,            123
 73,           104,              32,              8,      4213,          65,         28,     2095,        928,        14,          2701,              20,            144
 74,           106,              33,              8,      4368,          67,          8,     2138,        947,        15,          2775,              21,            137
 75,           107,              33,             10,      4521,          68,          8,     2163,        959,        15,          2850,              21,            143
 76,           108,              33,              8,      4676,          69,          8,     2216,        983,        16,          2926,              21,            150
 77,           109,              33,              8,      4833,          70,          9,     2245,       1001,        18,          3003,              21,            192
 78,           111,              34,              8,      4836,          70,          9,     2291,       1019,        16,          3081,              22,            178
 79,           112,              34,             11,      4997,          71,          9,     2322,       1034,        15,          3160,              22,            210
 80,           113,              34,             10,      5160,          72,          8,     2366,       1049,        16,          3240,              22,            165
 81,           114,              34,              9,      5325,          73,         10,     2395,       1063,        16,          3321,              22,            174
 82,           115,              34,              8,      5492,          74,          9,     2446,       1089,        16,          3403,              22,            175
 83,           116,              34,              9,      5661,          75,          9,     2473,       1099,        17,          3486,              22,            182
 84,           117,              34,             10,      5832,          76,          9,     2523,       1125,        17,          3570,              22,            258
 85,           118,              34,              8,      6005,          77,         10,     2557,       1137,        18,          3655,              22,            184
 86,           119,              34,              9,      6180,          78,         10,     2600,       1160,        17,          3741,              22,            188
 87,           120,              34,              9,      6357,          79,          9,     2630,       1172,        17,          3828,              22,            193
 88,           121,              34,              9,      6536,          80,         12,     2672,       1192,        18,          3916,              22,            222
 89,           122,              34,             11,      6717,          81,         11,     2709,       1207,        20,          4005,              22,            234
 90,           124,              35,             10,      6720,          81,         11,     2753,       1233,        18,          4095,              23,           1806
 91,           125,              35,             10,      6905,          82,         10,     2790,       1247,        16,          4186,              23,            223
 92,           126,              35,              8,      7092,          83,         10,     2818,       1251,        18,          4278,              23,            247
 93,           128,              36,             12,      7095,          83,         11,     2867,       1281,        19,          4371,              24,            253
 94,           129,              36,              9,      7286,          84,         12,     2911,       1302,        20,          4465,              24,            259
 95,           130,              36,             10,      7479,          85,         20,     2944,       1322,        19,          4560,              24,            250
 96,           131,              36,             10,      7674,          86,         12,     2995,       1343,        20,          4656,              24,            257
 97,           132,              36,             11,      7871,          87,         12,     3028,       1360,        20,          4753,              24,            275
 98,           134,              37,             10,      7874,          87,         11,     3070,       1376,        20,          4851,              25,            128
 99,           136,              38,             10,      8079,          89,         13,     3106,       1394,        21,          4950,              26,             81
100,           137,              38,             11,      8282,          90,         12,     3153,       1416,        22,          5050,              26,             72
